100
603 911
557 -75
606 -999
-846 -340
467 508
213 -120
-260 -427
-514 267
-868 -687
-630 981
559 498
-352 -291
-883 357
-893 -583
649 -728
274 -61
-185 -374
-559 545
86 929
-746 -739
-497 -573
-239 274
-337 -155
84 739
549 -930
207 556
246 366
739 -408
580 632
-635 58
611 115
-806 -438
300 456
233 75
65 401
464 765
-474 141
-809 -308
632 306
-971 569
-872 486
777 -285
-723 432
-249 -207
-492 709
-821 -811
172 700
482 830
564 -769
991 342
631 -107
686 -973
-67 -899
-38 -121
754 994
-72 -496
-446 411
-355 934
367 82
-336 -418
255 -221
-216 -221
-432 476
-820 -360
614 43
-621 -193
-82 -330
-962 554
-855 306
208 821
188 349
-23 -216
115 -147
-705 -780
-691 117
-892 115
-921 -954
605 640
314 -905
813 -466
-501 -255
14 -317
-255 -596
-58 240
-5 807
872 -332
-163 -315
823 725
-155 375
236 866
-666 233
574 838
760 -679
-151 985
-404 767
579 598
-164 -751
-688 444
-947 -540
709 -746

